%YAML:1.0

#common parameters
#support: 1 imu 1 cam; 1 imu 2 cam: 2 cam; 
imu: 1         
num_of_cam: 2 


imu_topic: "/mavros/imu/data"
# image0_topic: "/camera/infra1/image_rect_raw"
# image1_topic: "/camera/infra2/image_rect_raw"
image0_topic: "/camera/infra1/image_raw"
image1_topic: "/camera/infra2/image_raw"


output_path: "../autolanding_ws/vins_output"


cam0_calib: "left.yaml"
cam1_calib: "right.yaml"
image_width: 640
image_height: 480
   

# Extrinsic parameter between IMU and Camera.
estimate_extrinsic: 1   # 0  Have an accurate extrinsic parameters. We will trust the following imu^R_cam, imu^T_cam, don't change it.
                        # 1  Have an initial guess about extrinsic parameters. We will optimize around your initial guess.

#FAST330 CUAV-V5+&Realsense D435 Left(Infra1)
body_T_cam0: !!opencv-matrix
   rows: 4
   cols: 4
   dt: d
   data: [ -4.3713700238850794e-02, -2.7299272560578847e-02,
       9.9867104800784712e-01, 6.8902439931117707e-02,
       -9.9901773780624292e-01, 8.4562390603473148e-03,
       -4.3497719129302004e-02, 1.7806747844476702e-02,
       -7.2575450343277947e-03, -9.9959153744848095e-01,
       -2.7642111016657811e-02, 2.7817970203236037e-02, 0., 0., 0., 1. ]


#FAST330 CUAV-V5+&Realsense D435 Right(Infra2)         
body_T_cam1: !!opencv-matrix
   rows: 4
   cols: 4
   dt: d
   data: [ -4.3370690419129332e-02, -2.8511790266024906e-02,
       9.9865212212681687e-01, 6.9416959693846203e-02,
       -9.9903266285457859e-01, 8.5025616929799153e-03,
       -4.3144466555370242e-02, -3.2527589974602915e-02,
       -7.2609752966424912e-03, -9.9955729413600092e-01,
       -2.8852971723174248e-02, 2.7442611960083484e-02, 0., 0., 0., 1. ]
#Multiple thread support
multiple_thread: 1

#feature traker paprameters
max_cnt: 150            # max feature number in feature tracking
min_dist: 30            # min distance between two features 
freq: 10                # frequence (Hz) of publish tracking result. At least 10Hz for good estimation. If set 0, the frequence will be same as raw image 
F_threshold: 1.0        # ransac threshold (pixel)
show_track: 1           # publish tracking image as topic
flow_back: 1            # perform forward and backward optical flow to improve feature tracking accuracy

#optimization parameters
max_solver_time: 0.04  # max solver itration time (ms), to guarantee real time
max_num_iterations: 8   # max solver itrations, to guarantee real time
keyframe_parallax: 10.0 # keyframe selection threshold (pixel)

#imu parameters       The more accurate parameters you provide, the better performance
acc_n: 0.1          # accelerometer measurement noise standard deviation. #0.2   0.04
gyr_n: 0.01         # gyroscope measurement noise standard deviation.     #0.05  0.004
acc_w: 0.001         # accelerometer bias random work noise standard deviation.  #0.002
gyr_w: 0.0001       # gyroscope bias random work noise standard deviation.     #4.0e-5
g_norm: 9.805         # gravity magnitude

#unsynchronization parameters
estimate_td: 1                      # online estimate time offset between camera and imu
td: 0.00                             # initial value of time offset. unit: s. readed image clock + td = real image clock (IMU clock)

#loop closure parameters
load_previous_pose_graph: 0        # load and reuse previous pose graph; load from 'pose_graph_save_path'
pose_graph_save_path: "/home/fast/savedfiles/output/pose_graph/" # save and load path
save_image: 1                   # save image in pose graph for visualization prupose; you can close this function by setting 0 

