%YAML:1.0
---
model_type: PINHOLE
camera_name: camera
image_width: 640
image_height: 480
distortion_parameters:
   k1: 0.0
   k2: 0.0
   p1: 0.0
   p2: 0.0
projection_parameters:
   fx: 384.6908264160156
   fy: 384.6908264160156
   cx: 320.2545471191406
   cy: 232.4747314453125
   